Distance robot-obstacles
20000
550
552
543
552
545
545
545
552
552
543
543
543
550
550
545
547
547
543
543
545
545
543
545
545
545
543
552
552
552
534
534
545
552
543
547
552
548
548
552
543
547
547
543
543
543
538
538
545
552
552
545
552
543
545
543
543
543
545
547
552
552
543
543
543
545
552
552
552
552
552
547
543
550
552
547
552
552
545
547
547
545
543
543
552
538
545
547
552
552
552
552
543
541
552
543
543
543
543
545
545
541
543
543
543
543
552
545
547
547
547
550
550
543
552
545
545
545
552
550
552
552
552
541
534
545
543
545
545
545
545
543
543
550
552
552
543
545
545
552
552
547
543
543
552
550
534
552
552
543
545
548
561
561
563
579
598
609
637
653
654
649
641
708
880
861
856
857
812
776
728
690
657
632
627
585
556
555
555
555
553
552
558
558
558
558
554
554
553
553
556
556
556
556
554
558
557
558
558
554
554
546
546
553
557
559
559
556
555
555
555
554
555
555
555
555
554
554
554
557
554
560
559
559
556
558
558
552
552
554
551
559
560
560
549
552
551
551
555
555
558
553
559
559
556
556
556
558
558
559
556
554
554
554
555
555
558
558
556
556
556
556
554
554
556
554
553
556
556
556
556
549
553
548
548
556
556
554
554
556
556
555
556
557
555
555
554
553
557
557
555
555
556
555
555
554
557
558
558
558
553
558
558
556
547
533
523
542
529
488
491
494
494
493
493
495
495
491
487
491
488
488
491
491
495
493
493
493
489
491
493
494
494
490
490
490
490
494
494
494
497
494
493
489
495
495
495
495
487
491
491
490
491
491
487
493
493
491
491
491
483
494
496
491
491
496
493
490
485
490
490
491
491
491
493
493
493
489
494
491
491
497
489
494
494
488
494
494
494
494
491
493
490
493
493
493
486
489
489
490
487
493
491
491
491
489
483
474
455
438
410
351
344
331
333
377
403
428
454
475
474
474
463
472
481
481
463
463
463
463
472
479
472
481
472
472
472
474
474
472
472
472
472
472
474
481
472
472
472
472
476
476
481
472
472
472
472
474
474
481
472
472
472
465
465
472
474
474
472
472
472
474
479
479
481
472
472
472
472
472
465
465
472
472
472
476
472
472
472
472
472
463
463
472
472
472
472
472
472
476
476
476
474
472
472
476
476
476
476
476
481
481
463
463
472
472
472
472
463
472
472
472
472
472
472
476
472
474
474
474
472
472
472
472
472
472
481
481
481
474
472
474
472
472
472
472
472
472
463
463
472
472
472
472
472
472
472
472
472
463
463
481
472
472
472
472
472
472
472
481
472
474
474
474
472
474
472
472
472
472
474
474
474
463
479
472
481
472
472
472
481
481
474
463
481
481
472
472
472
481
481
481
465
463
481
474
474
472
481
472
472
472
463
472
472
472
474
474
472
472
472
472
472
472
472
476
472
472
472
472
472
472
476
472
472
463
472
472
472
468
472
472
472
472
474
474
463
472
465
463
463
472
472
463
463
723
737
723
